x  0             0,0,100       "#FFFFFF"     100,100,100    255,255,255
x 1             0,0,86        "#DDDDDD"     86,86,86       221,221,221
x 2             0,0,73        "#BBBBBB"     73,73,73       187,187,187
x 3             0,0,60        "#999999"     60,60,60       153,153,153
x 4             0,0,46        "#777777"     46,46,46       119,119,119
x 5             0,0,33        "#555555"     33,33,33       85,85,85
x 6         	   0,0,20        "#333333"     20,20,20       51,51,51
x 7      	   0,0,0         "#000000"     0,0,0          0,0,0
x 8             312,100,60    "#004499"     0,26,60        0,68,153
x 9             60,100,93     "#EEEE00"     93,93,0        238,238,0
x 10             120,100,80    "#00CC00"     0,80,0         0,204,0
x 11             0,100,86      "#DD0000"     86,0,0,        221,0,0
x 12             60,21,93      "#EEEEBB"     93,93,73       238,238,187
x 13             82,100,53     "#558800"     33,53,0        85,136,0
x 14             44,100,100    "#FFBB00"     100,73,0       255,187,0
x 15             196,100,100   "#00BBFF"     0,73,100       0,187,255